S2S3: -0.09848249703645706177
H: -13.11135482788085937500
