S2S3: -0.09613519906997680664
H: -4.25803518295288085938
