S2S3: -0.10340314358472824097
H: -6.41692018508911132812
