S2S3: 0.05189086496829986572
H: -0.50000000000000000000
