S2S3: -0.09808491170406341553
H: -8.68247318267822265625
