S2S3: 0.14145292341709136963
H: -114.22962188720703125000
