S2S3: 0.15981189906597137451
H: -12.78490638732910156250
