S2S3: 0.00085777824278920889
H: -17.24898338317871093750
