S2S3: 0.04372097551822662354
H: -0.75000000000000000000
