S2S3: 0.16180336475372314453
H: -6.47213602066040039062
