S2S3: 0.02277946099638938904
H: -14.74931907653808593750
