S2S3: -0.00120412569958716631
H: -4.74998331069946289062
