S2S3: 0.14091096818447113037
H: -18.74365997314453125000
