S2S3: -0.09475680440664291382
H: -3.37493252754211425781
