S2S3: 0.01219860278069972992
H: -22.24914550781250000000
