S2S3: 0.00137567636556923389
H: -8.49958992004394531250
