S2S3: 0.14146114885807037354
H: -158.79257202148437500000
