S2S3: 0.03143504261970520020
H: -3.49999308586120605469
