S2S3: -0.10340309888124465942
H: -6.41692018508911132812
