S2S3: -0.10340312123298645020
H: -6.41692018508911132812
