S2S3: 0.14132928848266601562
H: -37.83809661865234375000
