S2S3: 0.14132910966873168945
H: -37.83809661865234375000
