S2S3: -0.00185859599150717258
H: -19.74844551086425781250
