S2S3: 0.15943884849548339844
H: -19.13354301452636718750
