S2S3: 0.14146405458450317383
H: -254.28482055664062500000
