S2S3: 0.14139083027839660645
H: -50.56943130493164062500
