S2S3: 0.13601039350032806396
H: -6.02667427062988281250
