S2S3: 0.14145839214324951172
H: -190.62324523925781250000
