S2S3: 0.07260683178901672363
H: -2.25000000000000000000
