S2S3: 0.01252047810703516006
H: -10.99974727630615234375
