S2S3: 0.14145857095718383789
H: -126.96186828613281250000
