S2S3: 0.14020968973636627197
H: -3.09537243843078613281
