S2S3: 0.14146806299686431885
H: -222.45385742187500000000
