S2S3: -0.00109306804370135069
H: -9.74990940093994140625
