S2S3: 0.14020968973636627197
H: -12.38148975372314453125
