S2S3: 0.01209415495395660400
H: -27.24878501892089843750
