S2S3: -0.00284741399809718132
H: -12.24958896636962890625
