S2S3: 0.01252407301217317581
H: -24.74966430664062500000
