S2S3: -0.00238999561406672001
H: -7.24998807907104492188
