S2S3: 0.14144372940063476562
H: -88.76524353027343750000
