S2S3: 0.14126761257648468018
H: -31.47274208068847656250
