S2S3: 0.14141884446144104004
H: -63.30118942260742187500
