S2S3: -0.08333333581686019897
H: -1.61602544784545898438
