S2S3: 0.14145031571388244629
H: -101.49740600585937500000
