S2S3: -0.16666667163372039795
H: -1.00000000000000000000
