S2S3: 0.14115458726882934570
H: -25.10779571533203125000
