S2S3: 0.04126398637890815735
H: -5.99974584579467773438
