S2S3: 0.03021588549017906189
H: -29.74722480773925781250
