S2S3: 0.14143498241901397705
H: -76.03315734863281250000
