S2S3: 0.00041258099372498691
H: -1.00000000000000000000
