S2S3: -0.12791642546653747559
H: -1.92788624763488769531
