S2S3: -0.10066360980272293091
H: -10.86320877075195312500
